3 0.120833 0.575843 0.039286 0.098315
3 0.160119 0.572331 0.039286 0.099719
3 0.207738 0.577949 0.039286 0.099719
3 0.250595 0.586376 0.039286 0.082865
3 0.194048 0.353230 0.035714 0.082865
3 0.238095 0.353230 0.030952 0.085674
3 0.314286 0.350421 0.038095 0.094101
3 0.366667 0.346910 0.047619 0.101124
3 0.437500 0.439607 0.084524 0.050562
3 0.522024 0.439607 0.079762 0.047753
3 0.571429 0.356742 0.035714 0.098315
3 0.624405 0.382022 0.039286 0.095506
3 0.791071 0.455056 0.072619 0.039326
3 0.765476 0.517556 0.080952 0.043539
3 0.702381 0.605337 0.038095 0.106742
3 0.650000 0.589185 0.035714 0.096910
3 0.605357 0.584972 0.036905 0.102528
3 0.534524 0.592697 0.035714 0.101124
3 0.487500 0.590590 0.039286 0.094101
3 0.450000 0.584972 0.035714 0.096910
3 0.402976 0.588483 0.032143 0.089888
3 0.363690 0.585674 0.039286 0.092697
3 0.323214 0.576545 0.044048 0.099719